Material:
  AlbedoColor: [0.924657524, 0.136165291, 0.136165291]
  Emission: 0
  UseNormalMap: false
  Metalness: 0.671999991
  Roughness: 0.425000012
  AlbedoMap: 16266072468258787845
  NormalMap: 0
  MetalnessMap: 0
  RoughnessMap: 0