Material:
  AlbedoColor: [0.999989986, 0.999998569, 1]
  Emission: 0
  UseNormalMap: false
  Metalness: 0
  Roughness: 0.400000006
  AlbedoMap: 8148748321047846456
  NormalMap: 0
  MetalnessMap: 0
  RoughnessMap: 0